19948 0.0 0.0 180.0 0.9
19949 0.0 0.0 180.0 0.9
19950 0.0 0.0 180.0 0.9
19951 0.0 0.0 180.0 0.9
19952 0.0 0.0 180.0 0.9
19953 0.0 0.0 180.0 0.9
19954 0.0 0.0 180.0 0.9
19955 0.0 0.0 180.0 0.9
19956 0.0 0.0 180.0 0.9
19957 0.0 0.0 180.0 0.9
19958 0.0 0.0 180.0 0.9
19959 0.0 0.0 180.0 0.9
19960 0.0 0.0 180.0 0.9
19961 0.0 0.0 180.0 0.9
19962 0.0 0.0 180.0 0.9
19963 0.0 0.0 180.0 0.9
19964 0.0 0.0 180.0 0.9
19965 0.0 0.0 180.0 0.9
19966 0.0 0.0 180.0 0.9
19967 0.0 0.0 180.0 0.9
19968 0.0 0.0 180.0 0.9
19969 0.0 0.0 180.0 0.9
19970 0.0 0.0 180.0 0.9
19971 0.0 0.0 180.0 0.9
19972 0.0 0.0 180.0 0.9
19973 0.0 0.0 180.0 0.9
19974 0.0 0.0 180.0 0.9
19975 0.0 0.0 180.0 0.9
19976 0.0 0.0 180.0 0.9
19977 0.0 0.0 180.0 0.9
19978 0.0 0.0 180.0 0.9
19979 0.0 0.0 180.0 0.9
19982 0.0 0.0 180.0 0.9
19983 0.0 0.0 180.0 0.9
19984 0.0 0.0 180.0 0.9
19985 0.0 0.0 180.0 0.9
19986 0.0 0.0 180.0 0.9
19987 0.0 0.0 180.0 0.9
19988 0.0 0.0 180.0 0.9
19989 0.0 0.0 180.0 0.9
19990 0.0 0.0 180.0 0.9
19991 0.0 0.0 180.0 0.9
19992 0.0 0.0 180.0 0.9